 0.00000000e+00  0.00000000e+00  0.00000000e+00  3.30000001e+00 
 1.00000000e-02  1.00000000e-02  1.00000000e-02  3.29999999e+00 
 2.00000000e-02  2.00000000e-02  2.00000000e-02  3.29999999e+00 
 3.00000000e-02  3.00000000e-02  3.00000000e-02  3.29999999e+00 
 4.00000000e-02  4.00000000e-02  4.00000000e-02  3.29999999e+00 
 5.00000000e-02  5.00000000e-02  5.00000000e-02  3.29999999e+00 
 6.00000000e-02  6.00000000e-02  6.00000000e-02  3.29999999e+00 
 7.00000000e-02  7.00000000e-02  7.00000000e-02  3.29999999e+00 
 8.00000000e-02  8.00000000e-02  8.00000000e-02  3.29999999e+00 
 9.00000000e-02  9.00000000e-02  9.00000000e-02  3.29999999e+00 
 1.00000000e-01  1.00000000e-01  1.00000000e-01  3.29999999e+00 
 1.10000000e-01  1.10000000e-01  1.10000000e-01  3.29999999e+00 
 1.20000000e-01  1.20000000e-01  1.20000000e-01  3.29999999e+00 
 1.30000000e-01  1.30000000e-01  1.30000000e-01  3.29999999e+00 
 1.40000000e-01  1.40000000e-01  1.40000000e-01  3.29999999e+00 
 1.50000000e-01  1.50000000e-01  1.50000000e-01  3.29999999e+00 
 1.60000000e-01  1.60000000e-01  1.60000000e-01  3.29999999e+00 
 1.70000000e-01  1.70000000e-01  1.70000000e-01  3.29999999e+00 
 1.80000000e-01  1.80000000e-01  1.80000000e-01  3.29999999e+00 
 1.90000000e-01  1.90000000e-01  1.90000000e-01  3.29999999e+00 
 2.00000000e-01  2.00000000e-01  2.00000000e-01  3.29999999e+00 
 2.10000000e-01  2.10000000e-01  2.10000000e-01  3.29999999e+00 
 2.20000000e-01  2.20000000e-01  2.20000000e-01  3.29999999e+00 
 2.30000000e-01  2.30000000e-01  2.30000000e-01  3.29999999e+00 
 2.40000000e-01  2.40000000e-01  2.40000000e-01  3.29999999e+00 
 2.50000000e-01  2.50000000e-01  2.50000000e-01  3.29999999e+00 
 2.60000000e-01  2.60000000e-01  2.60000000e-01  3.29999999e+00 
 2.70000000e-01  2.70000000e-01  2.70000000e-01  3.29999999e+00 
 2.80000000e-01  2.80000000e-01  2.80000000e-01  3.29999999e+00 
 2.90000000e-01  2.90000000e-01  2.90000000e-01  3.29999999e+00 
 3.00000000e-01  3.00000000e-01  3.00000000e-01  3.29999999e+00 
 3.10000000e-01  3.10000000e-01  3.10000000e-01  3.29999999e+00 
 3.20000000e-01  3.20000000e-01  3.20000000e-01  3.29999999e+00 
 3.30000000e-01  3.30000000e-01  3.30000000e-01  3.29999999e+00 
 3.40000000e-01  3.40000000e-01  3.40000000e-01  3.29999999e+00 
 3.50000000e-01  3.50000000e-01  3.50000000e-01  3.29999999e+00 
 3.60000000e-01  3.60000000e-01  3.60000000e-01  3.29999999e+00 
 3.70000000e-01  3.70000000e-01  3.70000000e-01  3.29999999e+00 
 3.80000000e-01  3.80000000e-01  3.80000000e-01  3.29999999e+00 
 3.90000000e-01  3.90000000e-01  3.90000000e-01  3.29999999e+00 
 4.00000000e-01  4.00000000e-01  4.00000000e-01  3.29999999e+00 
 4.10000000e-01  4.10000000e-01  4.10000000e-01  3.29999999e+00 
 4.20000000e-01  4.20000000e-01  4.20000000e-01  3.29999999e+00 
 4.30000000e-01  4.30000000e-01  4.30000000e-01  3.29999999e+00 
 4.40000000e-01  4.40000000e-01  4.40000000e-01  3.29999999e+00 
 4.50000000e-01  4.50000000e-01  4.50000000e-01  3.29999999e+00 
 4.60000000e-01  4.60000000e-01  4.60000000e-01  3.29999999e+00 
 4.70000000e-01  4.70000000e-01  4.70000000e-01  3.29999999e+00 
 4.80000000e-01  4.80000000e-01  4.80000000e-01  3.29999999e+00 
 4.90000000e-01  4.90000000e-01  4.90000000e-01  3.29999999e+00 
 5.00000000e-01  5.00000000e-01  5.00000000e-01  3.29999999e+00 
 5.10000000e-01  5.10000000e-01  5.10000000e-01  3.29999999e+00 
 5.20000000e-01  5.20000000e-01  5.20000000e-01  3.29999999e+00 
 5.30000000e-01  5.30000000e-01  5.30000000e-01  3.29999999e+00 
 5.40000000e-01  5.40000000e-01  5.40000000e-01  3.29999999e+00 
 5.50000000e-01  5.50000000e-01  5.50000000e-01  3.29999999e+00 
 5.60000000e-01  5.60000000e-01  5.60000000e-01  3.29999999e+00 
 5.70000000e-01  5.70000000e-01  5.70000000e-01  3.29999999e+00 
 5.80000000e-01  5.80000000e-01  5.80000000e-01  3.29999999e+00 
 5.90000000e-01  5.90000000e-01  5.90000000e-01  3.29999999e+00 
 6.00000000e-01  6.00000000e-01  6.00000000e-01  3.29999999e+00 
 6.10000000e-01  6.10000000e-01  6.10000000e-01  3.29999999e+00 
 6.20000000e-01  6.20000000e-01  6.20000000e-01  3.29999999e+00 
 6.30000000e-01  6.30000000e-01  6.30000000e-01  3.29999999e+00 
 6.40000000e-01  6.40000000e-01  6.40000000e-01  3.29999999e+00 
 6.50000000e-01  6.50000000e-01  6.50000000e-01  3.29999999e+00 
 6.60000000e-01  6.60000000e-01  6.60000000e-01  3.29999999e+00 
 6.70000000e-01  6.70000000e-01  6.70000000e-01  3.29999999e+00 
 6.80000000e-01  6.80000000e-01  6.80000000e-01  3.29999999e+00 
 6.90000000e-01  6.90000000e-01  6.90000000e-01  3.29999999e+00 
 7.00000000e-01  7.00000000e-01  7.00000000e-01  3.29999999e+00 
 7.10000000e-01  7.10000000e-01  7.10000000e-01  3.29996031e+00 
 7.20000000e-01  7.20000000e-01  7.20000000e-01  3.29984041e+00 
 7.30000000e-01  7.30000000e-01  7.30000000e-01  3.29963899e+00 
 7.40000000e-01  7.40000000e-01  7.40000000e-01  3.29935472e+00 
 7.50000000e-01  7.50000000e-01  7.50000000e-01  3.29898620e+00 
 7.60000000e-01  7.60000000e-01  7.60000000e-01  3.29853201e+00 
 7.70000000e-01  7.70000000e-01  7.70000000e-01  3.29799069e+00 
 7.80000000e-01  7.80000000e-01  7.80000000e-01  3.29736071e+00 
 7.90000000e-01  7.90000000e-01  7.90000000e-01  3.29664052e+00 
 8.00000000e-01  8.00000000e-01  8.00000000e-01  3.29582849e+00 
 8.10000000e-01  8.10000000e-01  8.10000000e-01  3.29492296e+00 
 8.20000000e-01  8.20000000e-01  8.20000000e-01  3.29392220e+00 
 8.30000000e-01  8.30000000e-01  8.30000000e-01  3.29282443e+00 
 8.40000000e-01  8.40000000e-01  8.40000000e-01  3.29162781e+00 
 8.50000000e-01  8.50000000e-01  8.50000000e-01  3.29033042e+00 
 8.60000000e-01  8.60000000e-01  8.60000000e-01  3.28893030e+00 
 8.70000000e-01  8.70000000e-01  8.70000000e-01  3.28742539e+00 
 8.80000000e-01  8.80000000e-01  8.80000000e-01  3.28581358e+00 
 8.90000000e-01  8.90000000e-01  8.90000000e-01  3.28409267e+00 
 9.00000000e-01  9.00000000e-01  9.00000000e-01  3.28226038e+00 
 9.10000000e-01  9.10000000e-01  9.10000000e-01  3.28031433e+00 
 9.20000000e-01  9.20000000e-01  9.20000000e-01  3.27825208e+00 
 9.30000000e-01  9.30000000e-01  9.30000000e-01  3.27607107e+00 
 9.40000000e-01  9.40000000e-01  9.40000000e-01  3.27376864e+00 
 9.50000000e-01  9.50000000e-01  9.50000000e-01  3.27134203e+00 
 9.60000000e-01  9.60000000e-01  9.60000000e-01  3.26878836e+00 
 9.70000000e-01  9.70000000e-01  9.70000000e-01  3.26610463e+00 
 9.80000000e-01  9.80000000e-01  9.80000000e-01  3.26328771e+00 
 9.90000000e-01  9.90000000e-01  9.90000000e-01  3.26033435e+00 
 1.00000000e+00  1.00000000e+00  1.00000000e+00  3.25724114e+00 
 1.01000000e+00  1.01000000e+00  1.01000000e+00  3.25400453e+00 
 1.02000000e+00  1.02000000e+00  1.02000000e+00  3.25062078e+00 
 1.03000000e+00  1.03000000e+00  1.03000000e+00  3.24708602e+00 
 1.04000000e+00  1.04000000e+00  1.04000000e+00  3.24339615e+00 
 1.05000000e+00  1.05000000e+00  1.05000000e+00  3.23954691e+00 
 1.06000000e+00  1.06000000e+00  1.06000000e+00  3.23553380e+00 
 1.07000000e+00  1.07000000e+00  1.07000000e+00  3.23135211e+00 
 1.08000000e+00  1.08000000e+00  1.08000000e+00  3.22699689e+00 
 1.09000000e+00  1.09000000e+00  1.09000000e+00  3.22246291e+00 
 1.10000000e+00  1.10000000e+00  1.10000000e+00  3.21774469e+00 
 1.11000000e+00  1.11000000e+00  1.11000000e+00  3.21283641e+00 
 1.12000000e+00  1.12000000e+00  1.12000000e+00  3.20773196e+00 
 1.13000000e+00  1.13000000e+00  1.13000000e+00  3.20242486e+00 
 1.14000000e+00  1.14000000e+00  1.14000000e+00  3.19690825e+00 
 1.15000000e+00  1.15000000e+00  1.15000000e+00  3.19117486e+00 
 1.16000000e+00  1.16000000e+00  1.16000000e+00  3.18521697e+00 
 1.17000000e+00  1.17000000e+00  1.17000000e+00  3.17902636e+00 
 1.18000000e+00  1.18000000e+00  1.18000000e+00  3.17259430e+00 
 1.19000000e+00  1.19000000e+00  1.19000000e+00  3.16591145e+00 
 1.20000000e+00  1.20000000e+00  1.20000000e+00  3.15896784e+00 
 1.21000000e+00  1.21000000e+00  1.21000000e+00  3.15175281e+00 
 1.22000000e+00  1.22000000e+00  1.22000000e+00  3.14425489e+00 
 1.23000000e+00  1.23000000e+00  1.23000000e+00  3.13646179e+00 
 1.24000000e+00  1.24000000e+00  1.24000000e+00  3.12836024e+00 
 1.25000000e+00  1.25000000e+00  1.25000000e+00  3.11993592e+00 
 1.26000000e+00  1.26000000e+00  1.26000000e+00  3.11117335e+00 
 1.27000000e+00  1.27000000e+00  1.27000000e+00  3.10205569e+00 
 1.28000000e+00  1.28000000e+00  1.28000000e+00  3.09256465e+00 
 1.29000000e+00  1.29000000e+00  1.29000000e+00  3.08268025e+00 
 1.30000000e+00  1.30000000e+00  1.30000000e+00  3.07238059e+00 
 1.31000000e+00  1.31000000e+00  1.31000000e+00  3.06164165e+00 
 1.32000000e+00  1.32000000e+00  1.32000000e+00  3.05043689e+00 
 1.33000000e+00  1.33000000e+00  1.33000000e+00  3.03873694e+00 
 1.34000000e+00  1.34000000e+00  1.34000000e+00  3.02650912e+00 
 1.35000000e+00  1.35000000e+00  1.35000000e+00  3.01371691e+00 
 1.36000000e+00  1.36000000e+00  1.36000000e+00  3.00031927e+00 
 1.37000000e+00  1.37000000e+00  1.37000000e+00  2.98626982e+00 
 1.38000000e+00  1.38000000e+00  1.38000000e+00  2.97151582e+00 
 1.39000000e+00  1.39000000e+00  1.39000000e+00  2.95599685e+00 
 1.40000000e+00  1.40000000e+00  1.40000000e+00  2.93964318e+00 
 1.41000000e+00  1.41000000e+00  1.41000000e+00  2.92237356e+00 
 1.42000000e+00  1.42000000e+00  1.42000000e+00  2.90409246e+00 
 1.43000000e+00  1.43000000e+00  1.43000000e+00  2.88468618e+00 
 1.44000000e+00  1.44000000e+00  1.44000000e+00  2.86401765e+00 
 1.45000000e+00  1.45000000e+00  1.45000000e+00  2.84191908e+00 
 1.46000000e+00  1.46000000e+00  1.46000000e+00  2.81818133e+00 
 1.47000000e+00  1.47000000e+00  1.47000000e+00  2.79253803e+00 
 1.48000000e+00  1.48000000e+00  1.48000000e+00  2.76464096e+00 
 1.49000000e+00  1.49000000e+00  1.49000000e+00  2.73401966e+00 
 1.50000000e+00  1.50000000e+00  1.50000000e+00  2.70001144e+00 
 1.51000000e+00  1.51000000e+00  1.51000000e+00  2.66162939e+00 
 1.52000000e+00  1.52000000e+00  1.52000000e+00  2.61728519e+00 
 1.53000000e+00  1.53000000e+00  1.53000000e+00  2.56410777e+00 
 1.54000000e+00  1.54000000e+00  1.54000000e+00  2.49579126e+00 
 1.55000000e+00  1.55000000e+00  1.55000000e+00  2.38700633e+00 
 1.56000000e+00  1.56000000e+00  1.56000000e+00  7.23286225e-01 
 1.57000000e+00  1.57000000e+00  1.57000000e+00  6.47202379e-01 
 1.58000000e+00  1.58000000e+00  1.58000000e+00  5.95744933e-01 
 1.59000000e+00  1.59000000e+00  1.59000000e+00  5.55111259e-01 
 1.60000000e+00  1.60000000e+00  1.60000000e+00  5.21343876e-01 
 1.61000000e+00  1.61000000e+00  1.61000000e+00  4.92005269e-01 
 1.62000000e+00  1.62000000e+00  1.62000000e+00  4.65968923e-01 
 1.63000000e+00  1.63000000e+00  1.63000000e+00  4.42516676e-01 
 1.64000000e+00  1.64000000e+00  1.64000000e+00  4.21150953e-01 
 1.65000000e+00  1.65000000e+00  1.65000000e+00  4.01514537e-01 
 1.66000000e+00  1.66000000e+00  1.66000000e+00  3.83341130e-01 
 1.67000000e+00  1.67000000e+00  1.67000000e+00  3.66426010e-01 
 1.68000000e+00  1.68000000e+00  1.68000000e+00  3.50607821e-01 
 1.69000000e+00  1.69000000e+00  1.69000000e+00  3.35756737e-01 
 1.70000000e+00  1.70000000e+00  1.70000000e+00  3.21766472e-01 
 1.71000000e+00  1.71000000e+00  1.71000000e+00  3.08548713e-01 
 1.72000000e+00  1.72000000e+00  1.72000000e+00  2.96029145e-01 
 1.73000000e+00  1.73000000e+00  1.73000000e+00  2.84144531e-01 
 1.74000000e+00  1.74000000e+00  1.74000000e+00  2.72840533e-01 
 1.75000000e+00  1.75000000e+00  1.75000000e+00  2.62070057e-01 
 1.76000000e+00  1.76000000e+00  1.76000000e+00  2.51791970e-01 
 1.77000000e+00  1.77000000e+00  1.77000000e+00  2.41970098e-01 
 1.78000000e+00  1.78000000e+00  1.78000000e+00  2.32572428e-01 
 1.79000000e+00  1.79000000e+00  1.79000000e+00  2.23570469e-01 
 1.80000000e+00  1.80000000e+00  1.80000000e+00  2.14938733e-01 
 1.81000000e+00  1.81000000e+00  1.81000000e+00  2.06654313e-01 
 1.82000000e+00  1.82000000e+00  1.82000000e+00  1.98696531e-01 
 1.83000000e+00  1.83000000e+00  1.83000000e+00  1.91046644e-01 
 1.84000000e+00  1.84000000e+00  1.84000000e+00  1.83687607e-01 
 1.85000000e+00  1.85000000e+00  1.85000000e+00  1.76603857e-01 
 1.86000000e+00  1.86000000e+00  1.86000000e+00  1.69781147e-01 
 1.87000000e+00  1.87000000e+00  1.87000000e+00  1.63206392e-01 
 1.88000000e+00  1.88000000e+00  1.88000000e+00  1.56867540e-01 
 1.89000000e+00  1.89000000e+00  1.89000000e+00  1.50753466e-01 
 1.90000000e+00  1.90000000e+00  1.90000000e+00  1.44853871e-01 
 1.91000000e+00  1.91000000e+00  1.91000000e+00  1.39159201e-01 
 1.92000000e+00  1.92000000e+00  1.92000000e+00  1.33660575e-01 
 1.93000000e+00  1.93000000e+00  1.93000000e+00  1.28349718e-01 
 1.94000000e+00  1.94000000e+00  1.94000000e+00  1.23218908e-01 
 1.95000000e+00  1.95000000e+00  1.95000000e+00  1.18260923e-01 
 1.96000000e+00  1.96000000e+00  1.96000000e+00  1.13468999e-01 
 1.97000000e+00  1.97000000e+00  1.97000000e+00  1.08836790e-01 
 1.98000000e+00  1.98000000e+00  1.98000000e+00  1.04358332e-01 
 1.99000000e+00  1.99000000e+00  1.99000000e+00  1.00028013e-01 
 2.00000000e+00  2.00000000e+00  2.00000000e+00  9.58405444e-02 
 2.01000000e+00  2.01000000e+00  2.01000000e+00  9.17909349e-02 
 2.02000000e+00  2.02000000e+00  2.02000000e+00  8.78744686e-02 
 2.03000000e+00  2.03000000e+00  2.03000000e+00  8.40866842e-02 
 2.04000000e+00  2.04000000e+00  2.04000000e+00  8.04233558e-02 
 2.05000000e+00  2.05000000e+00  2.05000000e+00  7.68804763e-02 
 2.06000000e+00  2.06000000e+00  2.06000000e+00  7.34542420e-02 
 2.07000000e+00  2.07000000e+00  2.07000000e+00  7.01410385e-02 
 2.08000000e+00  2.08000000e+00  2.08000000e+00  6.69374276e-02 
 2.09000000e+00  2.09000000e+00  2.09000000e+00  6.38401360e-02 
 2.10000000e+00  2.10000000e+00  2.10000000e+00  6.08460441e-02 
 2.11000000e+00  2.11000000e+00  2.11000000e+00  5.79521766e-02 
 2.12000000e+00  2.12000000e+00  2.12000000e+00  5.51556928e-02 
 2.13000000e+00  2.13000000e+00  2.13000000e+00  5.24538789e-02 
 2.14000000e+00  2.14000000e+00  2.14000000e+00  4.98441400e-02 
 2.15000000e+00  2.15000000e+00  2.15000000e+00  4.73239928e-02 
 2.16000000e+00  2.16000000e+00  2.16000000e+00  4.48910593e-02 
 2.17000000e+00  2.17000000e+00  2.17000000e+00  4.25430606e-02 
 2.18000000e+00  2.18000000e+00  2.18000000e+00  4.02778115e-02 
 2.19000000e+00  2.19000000e+00  2.19000000e+00  3.80932148e-02 
 2.20000000e+00  2.20000000e+00  2.20000000e+00  3.59872567e-02 
 2.21000000e+00  2.21000000e+00  2.21000000e+00  3.39580023e-02 
 2.22000000e+00  2.22000000e+00  2.22000000e+00  3.20035914e-02 
 2.23000000e+00  2.23000000e+00  2.23000000e+00  3.01222344e-02 
 2.24000000e+00  2.24000000e+00  2.24000000e+00  2.83122088e-02 
 2.25000000e+00  2.25000000e+00  2.25000000e+00  2.65718556e-02 
 2.26000000e+00  2.26000000e+00  2.26000000e+00  2.48995763e-02 
 2.27000000e+00  2.27000000e+00  2.27000000e+00  2.32938297e-02 
 2.28000000e+00  2.28000000e+00  2.28000000e+00  2.17531292e-02 
 2.29000000e+00  2.29000000e+00  2.29000000e+00  2.02760401e-02 
 2.30000000e+00  2.30000000e+00  2.30000000e+00  1.88611773e-02 
 2.31000000e+00  2.31000000e+00  2.31000000e+00  1.75072026e-02 
 2.32000000e+00  2.32000000e+00  2.32000000e+00  1.62128228e-02 
 2.33000000e+00  2.33000000e+00  2.33000000e+00  1.49767877e-02 
 2.34000000e+00  2.34000000e+00  2.34000000e+00  1.37978879e-02 
 2.35000000e+00  2.35000000e+00  2.35000000e+00  1.26749531e-02 
 2.36000000e+00  2.36000000e+00  2.36000000e+00  1.16068504e-02 
 2.37000000e+00  2.37000000e+00  2.37000000e+00  1.05924826e-02 
 2.38000000e+00  2.38000000e+00  2.38000000e+00  9.63078671e-03 
 2.39000000e+00  2.39000000e+00  2.39000000e+00  8.72073252e-03 
 2.40000000e+00  2.40000000e+00  2.40000000e+00  7.86132115e-03 
 2.41000000e+00  2.41000000e+00  2.41000000e+00  7.05158377e-03 
 2.42000000e+00  2.42000000e+00  2.42000000e+00  6.29058037e-03 
 2.43000000e+00  2.43000000e+00  2.43000000e+00  5.57739862e-03 
 2.44000000e+00  2.44000000e+00  2.44000000e+00  4.91115269e-03 
 2.45000000e+00  2.45000000e+00  2.45000000e+00  4.29098226e-03 
 2.46000000e+00  2.46000000e+00  2.46000000e+00  3.71605147e-03 
 2.47000000e+00  2.47000000e+00  2.47000000e+00  3.18554800e-03 
 2.48000000e+00  2.48000000e+00  2.48000000e+00  2.69868217e-03 
 2.49000000e+00  2.49000000e+00  2.49000000e+00  2.25468603e-03 
 2.50000000e+00  2.50000000e+00  2.50000000e+00  1.85281260e-03 
 2.51000000e+00  2.51000000e+00  2.51000000e+00  1.49233506e-03 
 2.52000000e+00  2.52000000e+00  2.52000000e+00  1.17254600e-03 
 2.53000000e+00  2.53000000e+00  2.53000000e+00  8.92756734e-04 
 2.54000000e+00  2.54000000e+00  2.54000000e+00  6.52296607e-04 
 2.55000000e+00  2.55000000e+00  2.55000000e+00  4.50512353e-04 
 2.56000000e+00  2.56000000e+00  2.56000000e+00  2.86767482e-04 
 2.57000000e+00  2.57000000e+00  2.57000000e+00  1.60441690e-04 
 2.58000000e+00  2.58000000e+00  2.58000000e+00  7.09302990e-05 
 2.59000000e+00  2.59000000e+00  2.59000000e+00  1.76437166e-05 
 2.60000000e+00  2.60000000e+00  2.60000000e+00  6.92432253e-09 
 2.61000000e+00  2.61000000e+00  2.61000000e+00  7.13933749e-09 
 2.62000000e+00  2.62000000e+00  2.62000000e+00  7.18315970e-09 
 2.63000000e+00  2.63000000e+00  2.63000000e+00  7.14594125e-09 
 2.64000000e+00  2.64000000e+00  2.64000000e+00  7.10910651e-09 
 2.65000000e+00  2.65000000e+00  2.65000000e+00  7.07264955e-09 
 2.66000000e+00  2.66000000e+00  2.66000000e+00  7.03656460e-09 
 2.67000000e+00  2.67000000e+00  2.67000000e+00  7.00084600e-09 
 2.68000000e+00  2.68000000e+00  2.68000000e+00  6.96548819e-09 
 2.69000000e+00  2.69000000e+00  2.69000000e+00  6.93048574e-09 
 2.70000000e+00  2.70000000e+00  2.70000000e+00  6.89583331e-09 
 2.71000000e+00  2.71000000e+00  2.71000000e+00  6.86152568e-09 
 2.72000000e+00  2.72000000e+00  2.72000000e+00  6.82755773e-09 
 2.73000000e+00  2.73000000e+00  2.73000000e+00  6.79392444e-09 
 2.74000000e+00  2.74000000e+00  2.74000000e+00  6.76062089e-09 
 2.75000000e+00  2.75000000e+00  2.75000000e+00  6.72764225e-09 
 2.76000000e+00  2.76000000e+00  2.76000000e+00  6.69498380e-09 
 2.77000000e+00  2.77000000e+00  2.77000000e+00  6.66264088e-09 
 2.78000000e+00  2.78000000e+00  2.78000000e+00  6.63060895e-09 
 2.79000000e+00  2.79000000e+00  2.79000000e+00  6.59888355e-09 
 2.80000000e+00  2.80000000e+00  2.80000000e+00  6.56746030e-09 
 2.81000000e+00  2.81000000e+00  2.81000000e+00  6.53633489e-09 
 2.82000000e+00  2.82000000e+00  2.82000000e+00  6.50550312e-09 
 2.83000000e+00  2.83000000e+00  2.83000000e+00  6.47496086e-09 
 2.84000000e+00  2.84000000e+00  2.84000000e+00  6.44470403e-09 
 2.85000000e+00  2.85000000e+00  2.85000000e+00  6.41472866e-09 
 2.86000000e+00  2.86000000e+00  2.86000000e+00  6.38503084e-09 
 2.87000000e+00  2.87000000e+00  2.87000000e+00  6.35560674e-09 
 2.88000000e+00  2.88000000e+00  2.88000000e+00  6.32645258e-09 
 2.89000000e+00  2.89000000e+00  2.89000000e+00  6.29756467e-09 
 2.90000000e+00  2.90000000e+00  2.90000000e+00  6.26893937e-09 
 2.91000000e+00  2.91000000e+00  2.91000000e+00  6.24057313e-09 
 2.92000000e+00  2.92000000e+00  2.92000000e+00  6.21246244e-09 
 2.93000000e+00  2.93000000e+00  2.93000000e+00  6.18460387e-09 
 2.94000000e+00  2.94000000e+00  2.94000000e+00  6.15699403e-09 
 2.95000000e+00  2.95000000e+00  2.95000000e+00  6.12962961e-09 
 2.96000000e+00  2.96000000e+00  2.96000000e+00  6.10250736e-09 
 2.97000000e+00  2.97000000e+00  2.97000000e+00  6.07562406e-09 
 2.98000000e+00  2.98000000e+00  2.98000000e+00  6.04897659e-09 
 2.99000000e+00  2.99000000e+00  2.99000000e+00  6.02256184e-09 
 3.00000000e+00  3.00000000e+00  3.00000000e+00  5.99637679e-09 
 3.01000000e+00  3.01000000e+00  3.01000000e+00  5.97041845e-09 
 3.02000000e+00  3.02000000e+00  3.02000000e+00  5.94468389e-09 
 3.03000000e+00  3.03000000e+00  3.03000000e+00  5.91917023e-09 
 3.04000000e+00  3.04000000e+00  3.04000000e+00  5.89387463e-09 
 3.05000000e+00  3.05000000e+00  3.05000000e+00  5.86879431e-09 
 3.06000000e+00  3.06000000e+00  3.06000000e+00  5.84392654e-09 
 3.07000000e+00  3.07000000e+00  3.07000000e+00  5.81926862e-09 
 3.08000000e+00  3.08000000e+00  3.08000000e+00  5.79481791e-09 
 3.09000000e+00  3.09000000e+00  3.09000000e+00  5.77057181e-09 
 3.10000000e+00  3.10000000e+00  3.10000000e+00  5.74652776e-09 
 3.11000000e+00  3.11000000e+00  3.11000000e+00  5.72268325e-09 
 3.12000000e+00  3.12000000e+00  3.12000000e+00  5.69903580e-09 
 3.13000000e+00  3.13000000e+00  3.13000000e+00  5.67558297e-09 
 3.14000000e+00  3.14000000e+00  3.14000000e+00  5.65232239e-09 
 3.15000000e+00  3.15000000e+00  3.15000000e+00  5.62925168e-09 
 3.16000000e+00  3.16000000e+00  3.16000000e+00  5.60636855e-09 
 3.17000000e+00  3.17000000e+00  3.17000000e+00  5.58367070e-09 
 3.18000000e+00  3.18000000e+00  3.18000000e+00  5.56115590e-09 
 3.19000000e+00  3.19000000e+00  3.19000000e+00  5.53882194e-09 
 3.20000000e+00  3.20000000e+00  3.20000000e+00  5.51666665e-09 
 3.21000000e+00  3.21000000e+00  3.21000000e+00  5.49468790e-09 
 3.22000000e+00  3.22000000e+00  3.22000000e+00  5.47288358e-09 
 3.23000000e+00  3.23000000e+00  3.23000000e+00  5.45125163e-09 
 3.24000000e+00  3.24000000e+00  3.24000000e+00  5.42979001e-09 
 3.25000000e+00  3.25000000e+00  3.25000000e+00  5.40849672e-09 
 3.26000000e+00  3.26000000e+00  3.26000000e+00  5.38736978e-09 
 3.27000000e+00  3.27000000e+00  3.27000000e+00  5.36640725e-09 
 3.28000000e+00  3.28000000e+00  3.28000000e+00  5.34560722e-09 
 3.29000000e+00  3.29000000e+00  3.29000000e+00  5.32496781e-09 
 3.30000000e+00  3.30000000e+00  3.30000000e+00  5.30448716e-09 
